000001
000002
000063
000069
000100
000157
000166
000301
000333
000338
000408
000425
000538
000568
000596
000617
000625
000651
000661
000708
000723
000725
000733
000768
000776
000786
000792
000800
000858
000876
000877
000895
000938
000963
000977
000983
001289
001979
002001
002007
002027
002049
002050
002064
002074
002120
002129
002142
002179
002180
002202
002230
002236
002241
002252
002271
002304
002311
002352
002371
002410
002414
002415
002459
002460
002466
002475
002493
002555
002594
002601
002648
002709
002714
002736
002756
002812
002821
002841
002916
002920
002938
003816
300014
300015
300033
300059
300122
300124
300142
300207
300223
300274
300316
300347
300408
300413
300433
300450
300454
300496
300498
300601
300628
300661
300750
300751
300759
300760
300763
300769
300782
300896
300919
300957
300979
300999
600000
600009
600010
600011
600015
600016
600018
600019
600025
600028
600029
600030
600031
600036
600039
600048
600050
600061
600085
600089
600104
600111
600115
600132
600150
600176
600183
600188
600196
600219
600233
600276
600309
600332
600346
600362
600383
600406
600426
600436
600438
600460
600519
600547
600570
600584
600585
600588
600600
600606
600660
600674
600690
600732
600741
600745
600754
600760
600763
600795
600803
600809
600837
600845
600875
600884
600886
600887
600893
600900
600905
600918
600919
600926
600941
600958
600989
600999
601006
601009
601012
601021
601066
601088
601100
601111
601117
601138
601155
601166
601169
601186
601211
601216
601225
601229
601236
601238
601288
601318
601319
601328
601336
601360
601377
601390
601398
601600
601601
601607
601615
601618
601628
601633
601658
601668
601669
601688
601689
601698
601699
601728
601766
601788
601799
601800
601808
601816
601818
601838
601857
601865
601868
601872
601877
601878
601881
601888
601898
601899
601901
601919
601939
601985
601988
601989
601995
601998
603019
603185
603195
603259
603260
603288
603290
603369
603392
603486
603501
603659
603799
603806
603833
603899
603986
603993
605117
605499
688005
688008
688012
688036
688065
688111
688126
688187
688223
688303
688363
688396
688561
688599
688981
